BlockNumber;EventNumber;Time Since Block start;isHit;target;pressed;sequence
1;1;4,166229;1;2;2;blue
1;2;4,649521;1;3;3;blue
1;3;5,216354;1;1;1;blue
1;4;5,899498;1;4;4;blue
1;5;6,582642;1;3;3;blue
1;6;7,249458;1;1;1;blue
1;7;7,799469;1;2;2;blue
1;8;8,233147;1;4;4;blue
2;9;4,366455;1;2;2;blue
2;10;5,266495;1;3;3;blue
2;11;5,883087;1;1;1;blue
2;12;6,283203;1;4;4;blue
2;13;7,549965;1;3;3;blue
2;14;8,166473;1;1;1;blue
2;15;8,683006;1;2;2;blue
2;16;8,733192;0;4;3;blue
3;17;5,066528;1;3;3;green
3;18;5,733376;1;4;4;green
3;19;7,216881;1;2;2;green
3;20;7,733795;1;1;1;green
3;21;8,666519;1;3;3;green
3;22;9,433205;1;2;2;green
3;23;9,999878;1;4;4;green
3;24;10,94987;1;1;1;green
4;25;4,249931;1;3;3;green
4;26;5,033325;1;4;4;green
4;27;6,366592;1;2;2;green
4;28;6,999916;1;1;1;green
4;29;7,599907;1;3;3;green
4;30;8,583397;1;2;2;green
4;31;9,166603;1;4;4;green
4;32;9,78318;1;1;1;green
5;33;4,466949;1;2;2;yellow
5;34;5,116714;1;1;1;yellow
5;35;5,666656;1;4;4;yellow
5;36;6,350075;1;1;1;yellow
5;37;6,983391;1;3;3;yellow
5;38;7,550011;1;2;2;yellow
5;39;8,850044;1;4;4;yellow
5;40;9,333412;1;3;3;yellow
6;41;4,499924;1;2;2;blue
6;42;5,249779;1;3;3;blue
6;43;5,749825;1;1;1;blue
6;44;6,40004;1;4;4;blue
6;45;6,683273;0;3;1;blue
6;46;7,016434;1;1;1;blue
6;47;8,499992;1;2;2;blue
6;48;9,433289;1;4;4;blue
7;49;4,233315;1;2;2;blue
7;50;4,799919;1;3;3;blue
7;51;5,783257;1;1;1;blue
7;52;6,433235;1;4;4;blue
7;53;7,199837;1;3;3;blue
7;54;7,833458;0;1;4;blue
7;55;9,33326;1;2;2;blue
7;56;9,883171;1;4;4;blue
8;57;4,300095;1;2;2;blue
8;58;4,899872;1;3;3;blue
8;59;5,666733;1;1;1;blue
8;60;6,383408;1;4;4;blue
8;61;7,350174;1;3;3;blue
8;62;7,966782;1;1;1;blue
8;63;9,166733;1;2;2;blue
8;64;9,583389;1;4;4;blue
9;65;4,26683;1;2;2;blue
9;66;4,816605;1;3;3;blue
9;67;5,383316;1;1;1;blue
9;68;6,06691;1;4;4;blue
9;69;6,616638;1;3;3;blue
9;70;7,383499;1;1;1;blue
9;71;7,983383;1;2;2;blue
9;72;8,483429;1;4;4;blue
10;73;4,549789;1;2;2;yellow
10;74;5,183517;1;3;3;yellow
10;75;5,699799;1;1;1;yellow
10;76;6,333099;1;4;4;yellow
10;77;6,966629;1;3;3;yellow
10;78;7,616638;1;1;1;yellow
10;79;8,38327;1;2;2;yellow
10;80;8,983109;1;4;4;yellow
11;81;3,616776;1;2;2;blue
11;82;4,416763;1;3;3;blue
11;83;5,183411;1;1;1;blue
11;84;5,750107;1;4;4;blue
11;85;6,849838;1;3;3;blue
11;86;7,549866;1;1;1;blue
11;87;8,066635;1;2;2;blue
11;88;8,550232;1;4;4;blue
12;89;4,183167;1;2;2;blue
12;90;4,766418;1;3;3;blue
12;91;5,216415;1;1;1;blue
12;92;5,733032;1;4;4;blue
12;93;6,449692;1;3;3;blue
12;94;6,966476;1;1;1;blue
12;95;7,566498;1;2;2;blue
12;96;7,999725;1;4;4;blue
13;97;4,083344;1;3;3;green
13;98;5,000183;1;4;4;green
13;99;5,966705;1;2;2;green
13;100;6,483246;1;1;1;green
13;101;8,299942;1;3;3;green
13;102;9,166702;1;2;2;green
13;103;10,0499;1;4;4;green
13;104;10,38329;1;1;1;green
14;105;4,283356;1;3;3;green
14;106;5,083481;1;4;4;green
14;107;6,483597;1;2;2;green
14;108;7,033279;1;1;1;green
14;109;7,800262;1;3;3;green
14;110;8,566696;1;2;2;green
14;111;8,933334;1;4;4;green
14;112;9,750061;1;1;1;green
15;113;5,666641;1;2;2;blue
15;114;6,267303;1;3;3;blue
15;115;6,966721;1;1;1;blue
15;116;7,500137;1;4;4;blue
15;117;8,233353;1;3;3;blue
15;118;8,83342;1;1;1;blue
15;119;9,349869;1;2;2;blue
15;120;9,866577;1;4;4;blue
16;121;4,066757;1;3;3;green
16;122;4,85025;1;4;4;green
16;123;5,616623;1;2;2;green
16;124;6,433289;1;1;1;green
16;125;7,383331;1;3;3;green
16;126;7,966827;1;2;2;green
16;127;8,550095;1;4;4;green
16;128;8,883224;1;1;1;green
17;129;4,90004;1;2;2;blue
17;130;5,616577;1;3;3;blue
17;131;6,133408;1;1;1;blue
17;132;6,749954;1;4;4;blue
17;133;7,616653;0;3;2;blue
17;134;9,666779;1;1;1;blue
17;135;10,31662;1;2;2;blue
17;136;10,71669;1;4;4;blue
18;137;4,016739;0;2;3;yellow
18;138;5,366623;0;1;2;yellow
18;139;7,183319;1;4;4;yellow
18;140;9,133255;0;1;3;yellow
18;141;13,28328;1;3;3;yellow
18;142;13,96663;1;2;2;yellow
18;143;14,53346;1;4;4;yellow
18;144;15,45009;1;3;3;yellow
19;145;4,183273;1;1;1;yellow
19;146;4,800049;1;3;3;yellow
19;147;5,533859;1;4;4;yellow
19;148;6,316589;1;2;2;yellow
19;149;6,899857;1;4;4;yellow
19;150;7,783203;1;1;1;yellow
19;151;8,516403;1;3;3;yellow
19;152;9,13327;1;2;2;yellow
20;153;4,116348;1;3;3;green
20;154;4,766556;1;4;4;green
20;155;5,466537;1;2;2;green
20;156;6,016586;1;1;1;green
20;157;6,666397;1;3;3;green
20;158;7,516525;1;2;2;green
20;159;8,582932;1;4;4;green
20;160;9,15004;1;1;1;green
21;161;4,183044;1;4;4;yellow
21;162;4,799896;1;3;3;yellow
21;163;5,333191;1;1;1;yellow
21;164;6,283234;1;4;4;yellow
21;165;6,933289;1;3;3;yellow
21;166;7,933441;1;1;1;yellow
21;167;8,63324;1;4;4;yellow
21;168;9,466461;1;2;2;yellow
22;169;3,783325;0;3;4;green
22;170;5,016541;1;4;4;green
22;171;5,68335;1;2;2;green
22;172;6,233459;1;1;1;green
22;173;7,183197;1;3;3;green
22;174;7,733429;1;2;2;green
22;175;8,349884;1;4;4;green
22;176;8,816559;1;1;1;green
23;177;4,450012;1;2;2;blue
23;178;5,066498;1;3;3;blue
23;179;5,599976;1;1;1;blue
23;180;6,116669;1;4;4;blue
23;181;6,783295;1;3;3;blue
23;182;7,283325;1;1;1;blue
23;183;7,783325;1;2;2;blue
23;184;8,11673;1;4;4;blue
24;185;4,266541;1;2;2;blue
24;186;4,816589;1;3;3;blue
24;187;5,266632;1;1;1;blue
24;188;5,783478;1;4;4;blue
24;189;6,566559;1;3;3;blue
24;190;7,299866;1;1;1;blue
24;191;7,849945;1;2;2;blue
24;192;8,183319;1;4;4;blue
25;193;4,033173;1;2;2;blue
25;194;4,56665;1;3;3;blue
25;195;5,016449;1;1;1;blue
25;196;5,533203;1;4;4;blue
25;197;6,133179;1;3;3;blue
25;198;6,649719;1;1;1;blue
25;199;7,266754;1;2;2;blue
25;200;7,700043;1;4;4;blue
26;201;4,250244;1;3;3;green
26;202;4,78302;1;4;4;green
26;203;5,383179;1;2;2;green
26;204;5,883148;1;1;1;green
26;205;6,566498;1;3;3;green
26;206;7,199768;1;2;2;green
26;207;7,76651;1;4;4;green
26;208;8,583069;1;1;1;green
27;209;4,166809;1;1;1;yellow
27;210;4,949951;1;3;3;yellow
27;211;5,549896;1;4;4;yellow
27;212;6,350189;1;2;2;yellow
27;213;7,233368;1;4;4;yellow
27;214;7,733215;1;1;1;yellow
27;215;8,833496;1;3;3;yellow
27;216;9,733307;1;2;2;yellow
28;217;4,083557;1;1;1;yellow
28;218;5,083405;1;2;2;yellow
28;219;5,550049;1;4;4;yellow
28;220;6,166718;1;1;1;yellow
28;221;6,750122;1;3;3;yellow
28;222;7,750092;1;4;4;yellow
28;223;8,733673;1;2;2;yellow
28;224;9,550171;1;3;3;yellow
29;225;4,599976;1;2;2;blue
29;226;5,14978;1;3;3;blue
29;227;5,699738;1;1;1;blue
29;228;6,199799;1;4;4;blue
29;229;6,833282;1;3;3;blue
29;230;7,449921;1;1;1;blue
29;231;7,999878;1;2;2;blue
29;232;8,399841;1;4;4;blue
30;233;4,200073;1;2;2;blue
30;234;4,700226;1;3;3;blue
30;235;5,099945;1;1;1;blue
30;236;5,633423;1;4;4;blue
30;237;6,166748;1;3;3;blue
30;238;6,699982;1;1;1;blue
30;239;7,266602;1;2;2;blue
30;240;7,666748;1;4;4;blue
31;241;4,400146;1;2;2;blue
31;242;4,916565;1;3;3;blue
31;243;5,366638;1;1;1;blue
31;244;5,866913;1;4;4;blue
31;245;6,999878;1;3;3;blue
31;246;7,583252;1;1;1;blue
31;247;8,516296;1;2;2;blue
31;248;8,94989;1;4;4;blue
32;249;4,40033;1;2;2;blue
32;250;5,183441;1;3;3;blue
32;251;6,299957;1;1;1;blue
32;252;6,916626;1;4;4;blue
32;253;8,099854;1;3;3;blue
32;254;8,866425;1;1;1;blue
32;255;9,349976;1;2;2;blue
32;256;9,666595;1;4;4;blue
33;257;3,516785;1;2;2;blue
33;258;4,099823;1;3;3;blue
33;259;4,616638;1;1;1;blue
33;260;5,099976;1;4;4;blue
33;261;6;1;3;3;blue
33;262;6,55011;1;1;1;blue
33;263;7,066467;1;2;2;blue
33;264;7,633392;1;4;4;blue
34;265;3,883087;1;2;2;yellow
34;266;4,499725;1;1;1;yellow
34;267;4,983215;1;4;4;yellow
34;268;5,783112;1;1;1;yellow
34;269;6,599884;1;3;3;yellow
34;270;7,100555;1;2;2;yellow
34;271;7,999847;1;4;4;yellow
34;272;9,066711;1;3;3;yellow
35;273;4,816681;1;3;3;green
35;274;5,416534;1;4;4;green
35;275;6,133057;1;2;2;green
35;276;6,666504;1;1;1;green
35;277;7,399994;1;3;3;green
35;278;8,199677;1;2;2;green
35;279;8,949951;1;4;4;green
35;280;9,733276;1;1;1;green
36;281;3,966431;1;4;4;yellow
36;282;4,649658;1;1;1;yellow
36;283;5,449799;1;3;3;yellow
36;284;5,966461;1;2;2;yellow
36;285;6,649811;1;4;4;yellow
36;286;7,749695;1;3;3;yellow
36;287;8,699768;1;1;1;yellow
36;288;9,19986;1;2;2;yellow
37;289;4,033234;1;4;4;yellow
37;290;4,550018;1;1;1;yellow
37;291;5,316528;1;3;3;yellow
37;292;5,899811;1;2;2;yellow
37;293;6,5;1;4;4;yellow
37;294;7,449951;1;3;3;yellow
37;295;7,966431;1;1;1;yellow
37;296;8,433228;1;2;2;yellow
38;297;4,06665;1;2;2;yellow
38;298;4,716766;1;4;4;yellow
38;299;5,549927;1;1;1;yellow
38;300;6,283325;1;3;3;yellow
38;301;7,016724;1;4;4;yellow
38;302;7,933289;1;2;2;yellow
38;303;8,650085;1;3;3;yellow
38;304;9,049988;1;1;1;yellow
39;305;4,250214;1;2;2;blue
39;306;4,783142;1;3;3;blue
39;307;5,18338;1;1;1;blue
39;308;6,066681;1;4;4;blue
39;309;6,683167;1;3;3;blue
39;310;7,250397;1;1;1;blue
39;311;7,716522;1;2;2;blue
39;312;8,099945;1;4;4;blue
40;313;4,116638;1;2;2;blue
40;314;4,583221;1;3;3;blue
40;315;5,000061;1;1;1;blue
40;316;5,466583;1;4;4;blue
40;317;6,016571;1;3;3;blue
40;318;6,600281;1;1;1;blue
40;319;7,083282;1;2;2;blue
40;320;7,433289;1;4;4;blue
41;321;3,75;1;2;2;yellow
41;322;4,416534;1;4;4;yellow
41;323;5,166626;1;1;1;yellow
41;324;5,850281;1;3;3;yellow
41;325;6,5;1;4;4;yellow
41;326;7,283325;1;2;2;yellow
41;327;7,900177;1;3;3;yellow
41;328;8,383392;1;1;1;yellow
42;329;3,966705;1;4;4;yellow
42;330;5,249969;1;3;3;yellow
42;331;5,749939;1;1;1;yellow
42;332;6,333313;1;4;4;yellow
42;333;7,016541;1;3;3;yellow
42;334;7,616791;1;1;1;yellow
42;335;8,549957;1;4;4;yellow
42;336;9,366669;1;2;2;yellow
43;337;4,599854;1;3;3;green
43;338;5,233368;1;4;4;green
43;339;5,766479;1;2;2;green
43;340;6,266571;1;1;1;green
43;341;6,966278;1;3;3;green
43;342;7,499969;1;2;2;green
43;343;8,116516;1;4;4;green
43;344;8,549866;1;1;1;green
44;345;4,766937;1;2;2;blue
44;346;5,266663;1;3;3;blue
44;347;5,716675;1;1;1;blue
44;348;6,216736;1;4;4;blue
44;349;6,699829;1;3;3;blue
44;350;7,200195;1;1;1;blue
44;351;7,866638;1;2;2;blue
44;352;8,283295;1;4;4;blue
45;353;4,250092;1;2;2;blue
45;354;4,750031;1;3;3;blue
45;355;5,199982;1;1;1;blue
45;356;5,683258;1;4;4;blue
45;357;6,416626;1;3;3;blue
45;358;6,966553;1;1;1;blue
45;359;7,399902;1;2;2;blue
45;360;7,716644;1;4;4;blue
46;361;3,933228;1;1;1;yellow
46;362;4,750031;1;2;2;yellow
46;363;5,299927;1;4;4;yellow
46;364;6,083221;1;1;1;yellow
46;365;6,666809;1;3;3;yellow
46;366;7,283356;1;4;4;yellow
46;367;8,133209;1;2;2;yellow
46;368;8,733368;1;3;3;yellow
47;369;4,016602;1;2;2;yellow
47;370;4,64978;1;1;1;yellow
47;371;5,183197;1;4;4;yellow
47;372;5,866394;1;1;1;yellow
47;373;6,533417;1;3;3;yellow
47;374;7,183228;1;2;2;yellow
47;375;7,749939;1;4;4;yellow
47;376;8,066528;0;3;4;yellow
48;377;4,416687;1;2;2;blue
48;378;4,917084;1;3;3;blue
48;379;5,400024;1;1;1;blue
48;380;5,933411;1;4;4;blue
48;381;6,499969;1;3;3;blue
48;382;7,083344;1;1;1;blue
48;383;7,633392;1;2;2;blue
48;384;8,183319;1;4;4;blue
49;385;3,950104;1;2;2;blue
49;386;4,44986;1;3;3;blue
49;387;4,950134;1;1;1;blue
49;388;5,450012;1;4;4;blue
49;389;5,966492;1;3;3;blue
49;390;6,450134;1;1;1;blue
49;391;6,966492;1;2;2;blue
49;392;7,433319;1;4;4;blue
50;393;3,483337;1;2;2;blue
50;394;4,199829;1;3;3;blue
50;395;4,683411;1;1;1;blue
50;396;5,450012;1;4;4;blue
50;397;6,433289;1;3;3;blue
50;398;6,949768;1;1;1;blue
50;399;7,383362;1;2;2;blue
50;400;7,850342;1;4;4;blue
51;401;3,483032;1;2;2;blue
51;402;4,049683;1;3;3;blue
51;403;4,566284;1;1;1;blue
51;404;5,23291;1;4;4;blue
51;405;5,832947;1;3;3;blue
51;406;6,46637;1;1;1;blue
51;407;6,983032;1;2;2;blue
51;408;7,483215;1;4;4;blue
52;409;3,849731;1;2;2;blue
52;410;4,416321;1;3;3;blue
52;411;4,949707;1;1;1;blue
52;412;5,44989;1;4;4;blue
52;413;6,132996;1;3;3;blue
52;414;6,699524;1;1;1;blue
52;415;7,183105;1;2;2;blue
52;416;7,682983;1;4;4;blue
53;417;4,066711;0;2;3;blue
53;418;5,583313;0;3;2;blue
53;419;7,216797;1;1;1;blue
53;420;7,950134;1;4;4;blue
53;421;8,816528;1;3;3;blue
53;422;9,550232;0;1;2;blue
53;423;11,65002;1;2;2;blue
53;424;12,26678;1;4;4;blue
54;425;4,299927;1;4;4;yellow
54;426;4,81665;1;3;3;yellow
54;427;5,316589;1;1;1;yellow
54;428;5,950073;1;4;4;yellow
54;429;6,5;1;3;3;yellow
54;430;7,049866;1;1;1;yellow
54;431;8,849854;1;4;4;yellow
54;432;9,716675;1;2;2;yellow
55;433;4,666626;1;2;2;blue
55;434;5,216919;1;3;3;blue
55;435;5,733398;1;1;1;blue
55;436;6,366394;1;4;4;blue
55;437;6,999756;1;3;3;blue
55;438;7,483032;1;1;1;blue
55;439;7,983215;1;2;2;blue
55;440;8,666443;1;4;4;blue
56;441;4,283264;1;2;2;blue
56;442;4,833252;1;3;3;blue
56;443;5,399963;1;1;1;blue
56;444;5,883423;1;4;4;blue
56;445;6,499939;1;3;3;blue
56;446;7,016663;1;1;1;blue
56;447;7,533386;1;2;2;blue
56;448;8,399963;1;4;4;blue
57;449;4,750244;1;3;3;green
57;450;5,299866;1;4;4;green
57;451;6,216553;1;2;2;green
57;452;6,750061;1;1;1;green
57;453;7,416809;1;3;3;green
57;454;8,216797;1;2;2;green
57;455;8,933289;1;4;4;green
57;456;9,433228;1;1;1;green
58;457;4,650085;1;2;2;blue
58;458;5,250244;1;3;3;blue
58;459;5,866821;1;1;1;blue
58;460;6,416687;1;4;4;blue
58;461;8,016785;1;3;3;blue
58;462;9;1;1;1;blue
58;463;9,833313;1;2;2;blue
58;464;10,23334;1;4;4;blue
59;465;4,583374;1;1;1;yellow
59;466;5,083496;1;2;2;yellow
59;467;5,583374;1;4;4;yellow
59;468;6,233337;1;1;1;yellow
59;469;6,850037;1;3;3;yellow
59;470;7,466614;1;4;4;yellow
59;471;8,233459;1;2;2;yellow
59;472;8,866455;0;3;1;yellow
60;473;4,41687;1;2;2;yellow
60;474;5,216797;1;3;3;yellow
60;475;5,817017;1;1;1;yellow
60;476;6,383484;1;4;4;yellow
60;477;7,266846;1;3;3;yellow
60;478;7,816772;1;1;1;yellow
60;479;8,333618;1;2;2;yellow
60;480;8,900208;1;4;4;yellow
61;481;4,81665;1;3;3;green
61;482;5,483276;1;4;4;green
61;483;6,583374;1;2;2;green
61;484;7,116516;1;1;1;green
61;485;7,749878;1;3;3;green
61;486;8,883423;1;2;2;green
61;487;9,483276;1;4;4;green
61;488;9,983337;1;1;1;green
62;489;4,649963;1;2;2;yellow
62;490;5,316589;1;4;4;yellow
62;491;5,849915;1;1;1;yellow
62;492;6,61676;1;3;3;yellow
62;493;7,433289;1;4;4;yellow
62;494;8,616455;1;2;2;yellow
62;495;9,450378;1;3;3;yellow
62;496;10,1167;1;1;1;yellow
63;497;4,299988;1;2;2;blue
63;498;4,966675;1;3;3;blue
63;499;5,933228;1;1;1;blue
63;500;6,583069;1;4;4;blue
63;501;7,566589;1;3;3;blue
63;502;8,383118;1;1;1;blue
63;503;9,983093;1;2;2;blue
63;504;10,5332;1;4;4;blue
64;505;4,08313;1;2;2;yellow
64;506;4,533264;1;3;3;yellow
64;507;5;1;1;1;yellow
64;508;5,516724;1;4;4;yellow
64;509;6,399902;1;3;3;yellow
64;510;6,93335;1;1;1;yellow
64;511;7,400208;1;2;2;yellow
64;512;7,89978;1;4;4;yellow
65;513;4,450195;1;2;2;blue
65;514;4,950195;1;3;3;blue
65;515;5,366699;1;1;1;blue
65;516;5,983337;1;4;4;blue
65;517;6,833374;1;3;3;blue
65;518;7,466797;1;1;1;blue
65;519;7,950134;1;2;2;blue
65;520;8,783386;1;4;4;blue
66;521;4,416931;1;3;3;green
66;522;5,11676;1;4;4;green
66;523;5,649963;1;2;2;green
66;524;6,133179;1;1;1;green
66;525;6,933472;1;3;3;green
66;526;7,900085;1;2;2;green
66;527;8,516602;1;4;4;green
66;528;8,883423;1;1;1;green
67;529;4,399841;1;3;3;green
67;530;4,899719;1;4;4;green
67;531;5,466614;1;2;2;green
67;532;5,966675;1;1;1;green
67;533;6,616943;1;3;3;green
67;534;7,216736;1;2;2;green
67;535;8,06665;1;4;4;green
67;536;8,399963;1;1;1;green
68;537;4,350037;1;2;2;blue
68;538;4,833008;1;3;3;blue
68;539;5,31665;1;1;1;blue
68;540;5,866455;1;4;4;blue
68;541;6,383301;1;3;3;blue
68;542;6,966431;1;1;1;blue
68;543;7,449829;1;2;2;blue
68;544;8,099731;1;4;4;blue
69;545;4,116821;1;2;2;blue
69;546;4,616882;1;3;3;blue
69;547;5,066895;1;1;1;blue
69;548;5,650269;1;4;4;blue
69;549;6,266724;1;3;3;blue
69;550;7,083496;1;1;1;blue
69;551;7,583557;1;2;2;blue
69;552;8,066833;1;4;4;blue
70;553;4,31665;1;1;1;yellow
70;554;4,883362;1;2;2;yellow
70;555;5,366577;1;4;4;yellow
70;556;5,96637;1;1;1;yellow
70;557;6,566772;1;3;3;yellow
70;558;7,150024;1;4;4;yellow
70;559;8,033386;1;2;2;yellow
70;560;8,850037;1;3;3;yellow
71;561;3,966492;1;2;2;blue
71;562;4,466492;1;3;3;blue
71;563;4,899841;1;1;1;blue
71;564;5,433105;1;4;4;blue
71;565;6,299927;1;3;3;blue
71;566;6,883179;1;1;1;blue
71;567;7,350098;1;2;2;blue
71;568;8,049866;1;4;4;blue
72;569;3,883179;1;2;2;blue
72;570;4,433167;1;3;3;blue
72;571;4,916626;1;1;1;blue
72;572;5,449951;1;4;4;blue
72;573;6,149841;1;3;3;blue
72;574;6,699951;1;1;1;blue
72;575;7,183472;1;2;2;blue
72;576;7,650391;1;4;4;blue
73;577;3,932983;1;4;4;yellow
73;578;4,483093;1;3;3;yellow
73;579;4,916199;1;1;1;yellow
73;580;6,033081;1;4;4;yellow
73;581;7,082886;1;3;3;yellow
73;582;7,516296;1;1;1;yellow
73;583;8,566406;1;4;4;yellow
73;584;9,233032;1;2;2;yellow
74;585;3,849731;1;2;2;blue
74;586;4,433167;1;3;3;blue
74;587;5,049988;1;1;1;blue
74;588;5,649841;1;4;4;blue
74;589;6,333374;1;3;3;blue
74;590;6,899719;1;1;1;blue
74;591;7,316711;1;2;2;blue
74;592;7,766541;1;4;4;blue
75;593;4,350159;1;3;3;green
75;594;4,966614;1;4;4;green
75;595;6,166748;1;2;2;green
75;596;6,583313;1;1;1;green
75;597;7,599915;1;3;3;green
75;598;8,883423;1;2;2;green
75;599;9,43335;1;4;4;green
75;600;9,816589;1;1;1;green
76;601;3,816528;1;2;2;blue
76;602;4,349915;1;3;3;blue
76;603;5,066711;1;1;1;blue
76;604;5,600037;1;4;4;blue
76;605;6,43335;1;3;3;blue
76;606;7,299988;1;1;1;blue
76;607;8,116455;1;2;2;blue
76;608;8,549988;1;4;4;blue
77;609;3,733398;1;2;2;yellow
77;610;4,416687;1;4;4;yellow
77;611;5,38324;1;1;1;yellow
77;612;5,916809;1;3;3;yellow
77;613;6,833374;1;4;4;yellow
77;614;7,599854;1;2;2;yellow
77;615;8,466614;1;3;3;yellow
77;616;9,033447;1;1;1;yellow
78;617;3,883057;1;2;2;blue
78;618;4,34967;1;3;3;blue
78;619;4,783264;1;1;1;blue
78;620;5,283264;1;4;4;blue
78;621;5,983154;1;3;3;blue
78;622;6,616577;1;1;1;blue
78;623;7,066528;1;2;2;blue
78;624;7,466431;1;4;4;blue
79;625;3,883362;1;1;1;yellow
79;626;4,416748;1;2;2;yellow
79;627;4,833191;1;4;4;yellow
79;628;5,433228;1;1;1;yellow
79;629;6,11676;1;3;3;yellow
79;630;6,666687;1;4;4;yellow
79;631;7,767151;1;2;2;yellow
79;632;8,683411;1;3;3;yellow
80;633;3,933167;1;2;2;blue
80;634;4,433228;1;3;3;blue
80;635;4,933167;1;1;1;blue
80;636;5,5;1;4;4;blue
80;637;6,349915;1;3;3;blue
80;638;7,166443;1;1;1;blue
80;639;8,399658;1;2;2;blue
80;640;8,833191;1;4;4;blue
81;641;4,25;1;2;2;blue
81;642;4,816528;1;3;3;blue
81;643;5,250122;1;1;1;blue
81;644;5,80011;1;4;4;blue
81;645;6,599915;1;3;3;blue
81;646;6,73407;0;1;3;blue
81;647;9,166565;1;2;2;blue
81;648;9,68335;1;4;4;blue
82;649;4,283325;1;3;3;green
82;650;4,983337;1;4;4;green
82;651;5,650024;1;2;2;green
82;652;6,099976;1;1;1;green
82;653;7,233337;0;3;4;green
82;654;8,44989;0;2;3;green
82;655;10,49994;1;4;4;green
82;656;11,08325;1;1;1;green
83;657;4,083374;1;3;3;green
83;658;4,650085;1;4;4;green
83;659;5,583374;1;2;2;green
83;660;6,000549;1;1;1;green
83;661;7,166626;1;3;3;green
83;662;7,683411;1;2;2;green
83;663;8,299805;1;4;4;green
83;664;9,133362;1;1;1;green
84;665;4,416565;1;2;2;blue
84;666;4,916565;1;3;3;blue
84;667;5,499878;1;1;1;blue
84;668;6,000061;1;4;4;blue
84;669;6,566528;1;3;3;blue
84;670;7,449768;1;1;1;blue
84;671;7,94989;1;2;2;blue
84;672;8,316467;1;4;4;blue
85;673;3,566772;1;2;2;blue
85;674;4,283447;1;3;3;blue
85;675;4,88324;1;1;1;blue
85;676;5,416687;1;4;4;blue
85;677;6,266602;1;3;3;blue
85;678;6,800049;1;1;1;blue
85;679;7,94989;1;2;2;blue
85;680;8,400269;1;4;4;blue
86;681;4,416626;1;3;3;green
86;682;4,899841;1;4;4;green
86;683;5,749939;1;2;2;green
86;684;6,266479;1;1;1;green
86;685;7,266357;1;3;3;green
86;686;7,983032;1;2;2;green
86;687;9,149841;1;4;4;green
86;688;9,499634;1;1;1;green
87;689;4,000122;1;2;2;blue
87;690;4,900024;1;3;3;blue
87;691;5,450073;1;1;1;blue
87;692;5,933411;1;4;4;blue
87;693;6,649963;1;3;3;blue
87;694;7,150085;1;1;1;blue
87;695;7,583313;1;2;2;blue
87;696;8,066833;1;4;4;blue
88;697;4,016541;1;1;1;yellow
88;698;4,649902;1;3;3;yellow
88;699;5,383362;1;4;4;yellow
88;700;6,099915;1;2;2;yellow
88;701;6,716492;1;4;4;yellow
88;702;7,433472;1;1;1;yellow
88;703;8,366638;1;3;3;yellow
88;704;8,850098;1;2;2;yellow
89;705;4,866577;1;2;2;blue
89;706;5,333069;1;3;3;blue
89;707;5,766357;1;1;1;blue
89;708;6,283203;1;4;4;blue
89;709;6,833069;1;3;3;blue
89;710;7,366333;1;1;1;blue
89;711;7,933105;1;2;2;blue
89;712;8,549805;1;4;4;blue
90;713;3,816772;1;2;2;blue
90;714;4,499878;1;3;3;blue
90;715;5,033325;1;1;1;blue
90;716;5,766479;1;4;4;blue
90;717;6,650085;1;3;3;blue
90;718;7,166443;1;1;1;blue
90;719;7,58313;1;2;2;blue
90;720;8,066467;1;4;4;blue
91;721;4,066833;1;3;3;green
91;722;4,566711;1;4;4;green
91;723;5,333679;1;2;2;green
91;724;5,816772;1;1;1;green
91;725;6,800232;1;3;3;green
91;726;7,366821;1;2;2;green
91;727;7,966675;1;4;4;green
91;728;9,083374;1;1;1;green
92;729;4,133301;1;3;3;green
92;730;4,733276;1;4;4;green
92;731;5,366577;1;2;2;green
92;732;5,866638;1;1;1;green
92;733;6,566956;1;3;3;green
92;734;7,633423;1;2;2;green
92;735;8,233276;1;4;4;green
92;736;8,650024;1;1;1;green
93;737;4,133423;1;3;3;green
93;738;4,633362;1;4;4;green
93;739;5,25;1;2;2;green
93;740;5,666626;1;1;1;green
93;741;6,383301;1;3;3;green
93;742;7,033508;1;2;2;green
93;743;7,999939;1;4;4;green
93;744;8,299988;1;1;1;green
94;745;4,80011;1;3;3;green
94;746;5,25;1;4;4;green
94;747;5,933411;1;2;2;green
94;748;6,333191;1;1;1;green
94;749;7,16687;1;3;3;green
94;750;7,783325;1;2;2;green
94;751;8,783386;1;4;4;green
94;752;9,083313;1;1;1;green
95;753;4,116638;1;2;2;blue
95;754;4,75;1;3;3;blue
95;755;5,233154;1;1;1;blue
95;756;5,750061;1;4;4;blue
95;757;6,349976;1;3;3;blue
95;758;7,266602;1;1;1;blue
95;759;7,883362;1;2;2;blue
95;760;8,333374;1;4;4;blue
96;761;3,866577;1;4;4;yellow
96;762;4,43335;1;1;1;yellow
96;763;5,183228;1;3;3;yellow
96;764;5,749695;1;2;2;yellow
96;765;6,416443;1;4;4;yellow
96;766;7,249878;1;3;3;yellow
96;767;7,833252;1;1;1;yellow
96;768;9,166443;1;2;2;yellow
97;769;3,916443;1;2;2;blue
97;770;4,433533;1;3;3;blue
97;771;4,883057;1;1;1;blue
97;772;5,383423;1;4;4;blue
97;773;5,999756;1;3;3;blue
97;774;6,516602;1;1;1;blue
97;775;7,366577;1;2;2;blue
97;776;7,800293;1;4;4;blue
98;777;4,132935;1;3;3;green
98;778;4,966248;1;4;4;green
98;779;5,483215;1;2;2;green
98;780;5,966248;1;1;1;green
98;781;6,816406;1;3;3;green
98;782;7,532898;1;2;2;green
98;783;8,166382;1;4;4;green
98;784;8,583191;1;1;1;green
99;785;3,466553;1;2;2;blue
99;786;4,083252;1;3;3;blue
99;787;4,533264;1;1;1;blue
99;788;5,049805;1;4;4;blue
99;789;5,616577;1;3;3;blue
99;790;6,383423;1;1;1;blue
99;791;6,86676;1;2;2;blue
99;792;7,249756;1;4;4;blue
100;793;3,999817;1;3;3;green
100;794;4,533386;1;4;4;green
100;795;5,233459;1;2;2;green
100;796;5,66687;1;1;1;green
100;797;6,5;1;3;3;green
100;798;7,483337;1;2;2;green
100;799;8,299927;1;4;4;green
100;800;8,666931;1;1;1;green
101;801;3,849915;1;4;4;yellow
101;802;4,449829;1;1;1;yellow
101;803;5,049866;1;3;3;yellow
101;804;5,866211;1;2;2;yellow
101;805;6,649719;1;4;4;yellow
101;806;7,716187;1;3;3;yellow
101;807;8,332886;1;1;1;yellow
101;808;9,082886;1;2;2;yellow
102;809;4,650208;1;2;2;blue
102;810;5,084045;1;3;3;blue
102;811;5,600159;1;1;1;blue
102;812;6,083435;1;4;4;blue
102;813;6,633728;1;3;3;blue
102;814;7,116882;1;1;1;blue
102;815;7,900146;1;2;2;blue
102;816;8,349915;1;4;4;blue
103;817;4,36676;1;2;2;blue
103;818;4,866699;1;3;3;blue
103;819;5,316895;1;1;1;blue
103;820;5,80011;1;4;4;blue
103;821;6,383606;1;3;3;blue
103;822;7,000244;1;1;1;blue
103;823;7,850281;1;2;2;blue
103;824;8,450317;1;4;4;blue
104;825;4,216614;1;2;2;yellow
104;826;4,966553;1;1;1;yellow
104;827;6,049805;1;3;3;yellow
104;828;6,499878;1;4;4;yellow
104;829;7,483276;1;2;2;yellow
104;830;8,099731;1;4;4;yellow
104;831;9,249756;1;1;1;yellow
104;832;9,649902;1;2;2;yellow
105;833;3,849854;1;2;2;blue
105;834;4,433289;1;3;3;blue
105;835;4,916687;1;1;1;blue
105;836;5,450195;1;4;4;blue
105;837;6,13324;1;3;3;blue
105;838;7,299805;1;1;1;blue
105;839;7,799805;1;2;2;blue
105;840;8,099976;1;4;4;blue
106;841;3,966553;1;2;2;blue
106;842;4,466553;1;3;3;blue
106;843;5,033264;1;1;1;blue
106;844;5,566895;1;4;4;blue
106;845;6,133118;1;3;3;blue
106;846;7,216614;1;1;1;blue
106;847;7,69989;1;2;2;blue
106;848;8,133179;1;4;4;blue
107;849;3,566772;1;2;2;yellow
107;850;4,200012;1;3;3;yellow
107;851;4,733337;1;1;1;yellow
107;852;5,300293;1;4;4;yellow
107;853;5,916809;1;3;3;yellow
107;854;6,833557;1;1;1;yellow
107;855;7,333313;1;2;2;yellow
107;856;7,700012;1;4;4;yellow
108;857;4,56665;1;3;3;green
108;858;5,033325;1;4;4;green
108;859;5,616638;1;2;2;green
108;860;6,083313;1;1;1;green
108;861;6,849792;1;3;3;green
108;862;7,433228;1;2;2;green
108;863;8,083374;1;4;4;green
108;864;8,466553;1;1;1;green
109;865;3,533569;0;3;2;green
109;866;6,216553;1;4;4;green
109;867;7,233398;0;2;3;green
109;868;8,716675;1;1;1;green
109;869;9,733398;1;3;3;green
109;870;10,51709;1;2;2;green
109;871;11,1167;1;4;4;green
109;872;11,5166;1;1;1;green
110;873;4,083252;1;4;4;yellow
110;874;4,650024;1;1;1;yellow
110;875;5,366821;1;3;3;yellow
110;876;5,983276;1;2;2;yellow
110;877;6,166626;0;4;2;yellow
110;878;8,083252;1;3;3;yellow
110;879;8,766968;1;1;1;yellow
110;880;9,416748;0;2;3;yellow
111;881;5,116455;1;1;1;yellow
111;882;8,266602;0;3;1;yellow
111;883;9,616455;1;4;4;yellow
111;884;10,98352;1;2;2;yellow
111;885;11,4834;1;4;4;yellow
111;886;12,43335;1;1;1;yellow
111;887;13,34998;1;3;3;yellow
111;888;13,8999;1;2;2;yellow
112;889;5,116577;1;3;3;green
112;890;5,799805;1;4;4;green
112;891;7,699951;1;2;2;green
112;892;8,383301;1;1;1;green
112;893;9,083374;1;3;3;green
112;894;10,21667;1;2;2;green
112;895;10,74988;1;4;4;green
112;896;11,14978;1;1;1;green
113;897;4,450562;1;2;2;blue
113;898;4,866577;1;3;3;blue
113;899;5,483887;1;1;1;blue
113;900;5,900269;0;4;1;blue
113;901;6,000122;0;3;4;blue
113;902;7,300049;1;1;1;blue
113;903;7,433472;0;2;4;blue
113;904;8,650269;1;4;4;blue
114;905;8,616455;1;2;2;blue
114;906;9,10022;1;3;3;blue
114;907;9,633179;1;1;1;blue
114;908;10,44971;1;4;4;blue
114;909;11,28345;1;3;3;blue
114;910;11,81641;1;1;1;blue
114;911;12,31677;1;2;2;blue
114;912;12,76648;1;4;4;blue
115;913;4,683472;1;3;3;green
115;914;5,199951;1;4;4;green
115;915;5,666626;1;2;2;green
115;916;6,249756;1;1;1;green
115;917;7,000122;1;3;3;green
115;918;7,600342;1;2;2;green
115;919;8,233521;1;4;4;green
115;920;8,666626;1;1;1;green
116;921;4,016602;1;2;2;yellow
116;922;4,533447;1;3;3;yellow
116;923;4,933228;1;1;1;yellow
116;924;5,483276;1;4;4;yellow
116;925;6,300049;1;3;3;yellow
116;926;7,466675;1;1;1;yellow
116;927;8,083618;1;2;2;yellow
116;928;8,500122;1;4;4;yellow
117;929;3,916504;1;2;2;yellow
117;930;4,466553;0;1;3;yellow
117;931;6,133179;1;3;3;yellow
117;932;6,866455;1;4;4;yellow
117;933;7,549683;1;2;2;yellow
117;934;8,349854;1;4;4;yellow
117;935;9,049683;1;1;1;yellow
117;936;9,433105;1;2;2;yellow
118;937;4,466553;1;3;3;green
118;938;4,983398;1;4;4;green
118;939;5,516846;1;2;2;green
118;940;6,150146;1;1;1;green
118;941;7,066528;1;3;3;green
118;942;7,700195;1;2;2;green
118;943;8,449951;1;4;4;green
118;944;8,966675;1;1;1;green
119;945;3,950073;1;4;4;yellow
119;946;4,500122;1;3;3;yellow
119;947;5,016602;1;1;1;yellow
119;948;5,766724;1;4;4;yellow
119;949;6,366821;1;3;3;yellow
119;950;6,966553;1;1;1;yellow
119;951;7,783325;1;4;4;yellow
119;952;8,533325;1;2;2;yellow
120;953;4,75;1;2;2;blue
120;954;5,350586;1;3;3;blue
120;955;5,566895;0;1;3;blue
120;956;6,799805;1;4;4;blue
120;957;8,483521;1;3;3;blue
120;958;9,58313;1;1;1;blue
120;959;10,33313;1;2;2;blue
120;960;10,99976;1;4;4;blue
121;961;4,116943;1;2;2;blue
121;962;4,683594;1;3;3;blue
121;963;5,150146;1;1;1;blue
121;964;5,817017;1;4;4;blue
121;965;6,583618;1;3;3;blue
121;966;7,333374;1;1;1;blue
121;967;7,900146;1;2;2;blue
121;968;8,283569;1;4;4;blue
122;969;4,333252;1;2;2;blue
122;970;4,799927;1;3;3;blue
122;971;5,399902;1;1;1;blue
122;972;5,949829;1;4;4;blue
122;973;6,5;1;3;3;blue
122;974;7,199951;1;1;1;blue
122;975;7,733276;1;2;2;blue
122;976;8,066772;1;4;4;blue
123;977;3,949707;1;2;2;yellow
123;978;4,81665;1;1;1;yellow
123;979;5,733154;1;3;3;yellow
123;980;6,332886;1;4;4;yellow
123;981;7,150146;1;2;2;yellow
123;982;7,849731;1;4;4;yellow
123;983;8,39978;1;1;1;yellow
123;984;8,83313;1;2;2;yellow
124;985;4,133301;1;3;3;green
124;986;4,733276;1;4;4;green
124;987;5,333252;1;2;2;green
124;988;6,18335;1;1;1;green
124;989;7,016602;1;3;3;green
124;990;7,733398;1;2;2;green
124;991;8,416626;1;4;4;green
124;992;8,766602;1;1;1;green
125;993;4,25;1;2;2;blue
125;994;4,633301;1;3;3;blue
125;995;5,083374;1;1;1;blue
125;996;5,583496;1;4;4;blue
125;997;6,233276;1;3;3;blue
125;998;6,733398;1;1;1;blue
125;999;7,383423;1;2;2;blue
125;1000;7,866699;1;4;4;blue
126;1001;4,000122;1;3;3;green
126;1002;4,56665;1;4;4;green
126;1003;5,283936;1;2;2;green
126;1004;5,783203;1;1;1;green
126;1005;6,883179;1;3;3;green
126;1006;7,75;1;2;2;green
126;1007;8,199829;1;4;4;green
126;1008;8,516479;1;1;1;green
127;1009;4,366577;1;2;2;blue
127;1010;4,800049;1;3;3;blue
127;1011;5,199951;1;1;1;blue
127;1012;5,683472;1;4;4;blue
127;1013;6,133423;1;3;3;blue
127;1014;6,600098;1;1;1;blue
127;1015;7,716675;1;2;2;blue
127;1016;8,06665;1;4;4;blue
128;1017;4;1;2;2;blue
128;1018;4,5;1;3;3;blue
128;1019;5,016724;1;1;1;blue
128;1020;5,533325;1;4;4;blue
128;1021;6,18335;1;3;3;blue
128;1022;6,733398;1;1;1;blue
128;1023;7,450073;1;2;2;blue
128;1024;7,833496;1;4;4;blue
129;1025;4,683228;1;2;2;blue
129;1026;5,249756;1;3;3;blue
129;1027;5,734009;1;1;1;blue
129;1028;6,266602;1;4;4;blue
129;1029;6,950195;1;3;3;blue
129;1030;7,483276;1;1;1;blue
129;1031;7,966553;1;2;2;blue
129;1032;8,683105;1;4;4;blue
130;1033;3,883423;1;2;2;blue
130;1034;4,300049;1;3;3;blue
130;1035;4,950073;1;1;1;blue
130;1036;5,450317;1;4;4;blue
130;1037;6,067017;1;3;3;blue
130;1038;6,633301;1;1;1;blue
130;1039;7,233398;0;2;3;blue
130;1040;7,700317;1;4;4;blue
131;1041;4,632813;1;2;2;blue
131;1042;5,233032;1;3;3;blue
131;1043;5,633057;1;1;1;blue
131;1044;6,166504;1;4;4;blue
131;1045;6,733032;1;3;3;blue
131;1046;7,282959;1;1;1;blue
131;1047;7,83313;1;2;2;blue
131;1048;8,366577;1;4;4;blue
132;1049;3,932983;1;2;2;blue
132;1050;4,466431;1;3;3;blue
132;1051;4,932983;1;1;1;blue
132;1052;5,48291;1;4;4;blue
132;1053;6;1;3;3;blue
132;1054;6,566772;1;1;1;blue
132;1055;7,266235;1;2;2;blue
132;1056;7,733154;1;4;4;blue
133;1057;4,549927;1;3;3;green
133;1058;5,033203;1;4;4;green
133;1059;5,549927;1;2;2;green
133;1060;5,966553;1;1;1;green
133;1061;6,949829;1;3;3;green
133;1062;7,666748;1;2;2;green
133;1063;8,933105;1;4;4;green
133;1064;9,316528;1;1;1;green
134;1065;4,233276;1;2;2;blue
134;1066;4,683472;1;3;3;blue
134;1067;5,217773;1;1;1;blue
134;1068;5,733276;1;4;4;blue
134;1069;6,266724;1;3;3;blue
134;1070;6,81665;1;1;1;blue
134;1071;7,266602;1;2;2;blue
134;1072;7,716675;1;4;4;blue
135;1073;4,250244;0;3;2;green
135;1074;5,683228;1;4;4;green
135;1075;6,483154;1;2;2;green
135;1076;7,333252;1;1;1;green
135;1077;8,100342;1;3;3;green
135;1078;8,949829;1;2;2;green
135;1079;10,06677;1;4;4;green
135;1080;10,4165;1;1;1;green
136;1081;3,699951;1;2;2;blue
136;1082;4,200195;1;3;3;blue
136;1083;4,816772;1;1;1;blue
136;1084;5,333374;1;4;4;blue
136;1085;6;1;3;3;blue
136;1086;6,583374;1;1;1;blue
136;1087;7,050171;1;2;2;blue
136;1088;7,416748;1;4;4;blue
137;1089;4,333252;0;2;3;blue
137;1090;5,816895;0;3;2;blue
137;1091;7,133057;1;1;1;blue
137;1092;7,683472;1;4;4;blue
137;1093;8,399902;1;3;3;blue
137;1094;9,033203;1;1;1;blue
137;1095;9,466675;1;2;2;blue
137;1096;9,866699;1;4;4;blue
138;1097;3,916504;1;2;2;blue
138;1098;4,866455;1;3;3;blue
138;1099;5,466675;1;1;1;blue
138;1100;5,949829;1;4;4;blue
138;1101;6,466675;1;3;3;blue
138;1102;7,033569;1;1;1;blue
138;1103;7,516602;1;2;2;blue
138;1104;7,916504;1;4;4;blue
139;1105;4,533325;1;2;2;blue
139;1106;5,049927;1;3;3;blue
139;1107;5,550049;1;1;1;blue
139;1108;6,433716;1;4;4;blue
139;1109;7,800049;1;3;3;blue
139;1110;8,333618;1;1;1;blue
139;1111;8,75;1;2;2;blue
139;1112;9,166626;1;4;4;blue
140;1113;4,200439;1;2;2;yellow
140;1114;4,833374;1;1;1;yellow
140;1115;5,550049;1;3;3;yellow
140;1116;6,333496;1;4;4;yellow
140;1117;7,016724;1;2;2;yellow
140;1118;7,766602;1;4;4;yellow
140;1119;8,633423;1;1;1;yellow
140;1120;8,966675;1;2;2;yellow
141;1121;4,583252;1;2;2;blue
141;1122;5,183472;1;3;3;blue
141;1123;5,616821;1;1;1;blue
141;1124;6,550049;1;4;4;blue
141;1125;7,516602;1;3;3;blue
141;1126;8,333252;1;1;1;blue
141;1127;8,850098;1;2;2;blue
141;1128;9,18335;1;4;4;blue
142;1129;3,89978;1;2;2;blue
142;1130;4,516602;1;3;3;blue
142;1131;4,966797;1;1;1;blue
142;1132;5,5;1;4;4;blue
142;1133;6,016602;1;3;3;blue
142;1134;6,549805;1;1;1;blue
142;1135;6,966797;1;2;2;blue
142;1136;7,349976;1;4;4;blue
143;1137;5,016602;1;3;3;green
143;1138;5,483398;1;4;4;green
143;1139;6,349731;1;2;2;green
143;1140;6,849976;1;1;1;green
143;1141;7,516968;1;3;3;green
143;1142;7,983276;1;2;2;green
143;1143;8,716675;1;4;4;green
143;1144;9,133301;1;1;1;green
144;1145;4,249756;0;3;2;green
144;1146;5,466309;1;4;4;green
144;1147;6,317017;1;2;2;green
144;1148;6,899902;0;1;4;green
144;1149;9,399902;1;3;3;green
144;1150;10,01672;1;2;2;green
144;1151;11,01648;1;4;4;green
144;1152;11,31641;1;1;1;green
145;1153;4,466797;1;3;3;green
145;1154;5;1;4;4;green
145;1155;5,500122;1;2;2;green
145;1156;6,283447;1;1;1;green
145;1157;6,966675;1;3;3;green
145;1158;7,800415;1;2;2;green
145;1159;8,683594;1;4;4;green
145;1160;9,583496;1;1;1;green
146;1161;4,316528;1;1;1;yellow
146;1162;4,983276;1;3;3;yellow
146;1163;5,566406;1;4;4;yellow
146;1164;6,183472;1;2;2;yellow
146;1165;6,966431;1;4;4;yellow
146;1166;7,533325;1;1;1;yellow
146;1167;8,200195;1;3;3;yellow
146;1168;8,799927;1;2;2;yellow
147;1169;4,150146;1;2;2;yellow
147;1170;4,966675;1;4;4;yellow
147;1171;5,68335;1;1;1;yellow
147;1172;6,317017;1;3;3;yellow
147;1173;7,06665;1;4;4;yellow
147;1174;7,899902;1;2;2;yellow
147;1175;8,600098;1;3;3;yellow
147;1176;9,083496;1;1;1;yellow
148;1177;4,016357;1;2;2;blue
148;1178;4,566284;1;3;3;blue
148;1179;5,182983;1;1;1;blue
148;1180;5,683228;1;4;4;blue
148;1181;6,349854;1;3;3;blue
148;1182;6,916504;1;1;1;blue
148;1183;8,233154;1;2;2;blue
148;1184;8,833008;1;4;4;blue
149;1185;3,950073;1;2;2;blue
149;1186;4,5;0;3;4;blue
149;1187;6,233398;1;1;1;blue
149;1188;6,766724;1;4;4;blue
149;1189;8,483276;1;3;3;blue
149;1190;9,25;1;1;1;blue
149;1191;9,766724;1;2;2;blue
149;1192;10,23352;1;4;4;blue
150;1193;4,066406;1;2;2;yellow
150;1194;4,516479;0;1;2;yellow
150;1195;9,599731;1;3;3;yellow
150;1196;10,2998;1;4;4;yellow
150;1197;11,01636;1;2;2;yellow
150;1198;11,54993;1;4;4;yellow
150;1199;12,21643;1;1;1;yellow
150;1200;13,06641;1;2;2;yellow
151;1201;4,533569;1;3;3;green
151;1202;5,016602;1;4;4;green
151;1203;5,566895;1;2;2;green
151;1204;6,016968;1;1;1;green
151;1205;6,816528;1;3;3;green
151;1206;7,5;1;2;2;green
151;1207;8,583374;1;4;4;green
151;1208;8,93335;1;1;1;green
152;1209;4,449951;1;2;2;blue
152;1210;4,950073;1;3;3;blue
152;1211;5,466797;1;1;1;blue
152;1212;5,966675;1;4;4;blue
152;1213;6,616699;1;3;3;blue
152;1214;7,550171;1;1;1;blue
152;1215;8,116577;1;2;2;blue
152;1216;8,633179;1;4;4;blue
153;1217;3,933594;1;2;2;blue
153;1218;4,433472;1;3;3;blue
153;1219;4,950195;1;1;1;blue
153;1220;5,450073;1;4;4;blue
153;1221;6,016602;1;3;3;blue
153;1222;6,616821;1;1;1;blue
153;1223;7,16687;1;2;2;blue
153;1224;8,000732;1;4;4;blue
154;1225;4,116699;1;2;2;yellow
154;1226;4,699341;1;1;1;yellow
154;1227;5,23291;1;4;4;yellow
154;1228;6,249756;1;1;1;yellow
154;1229;6,949219;1;3;3;yellow
154;1230;7,499268;1;2;2;yellow
154;1231;8,665894;1;4;4;yellow
154;1232;9,966187;1;3;3;yellow
155;1233;4,149902;0;3;2;green
155;1234;5,549683;1;4;4;green
155;1235;6,316406;1;2;2;green
155;1236;7,116333;1;1;1;green
155;1237;7,899658;1;3;3;green
155;1238;8,716431;1;2;2;green
155;1239;9,416504;1;4;4;green
155;1240;10,2666;1;1;1;green
156;1241;5,283203;1;3;3;green
156;1242;5,866455;1;4;4;green
156;1243;6,733276;1;2;2;green
156;1244;7,483276;1;1;1;green
156;1245;8,866333;1;3;3;green
156;1246;9,449585;1;2;2;green
156;1247;10,11646;1;4;4;green
156;1248;10,48315;1;1;1;green
157;1249;4,750122;1;2;2;blue
157;1250;5,316528;1;3;3;blue
157;1251;5,766602;1;1;1;blue
157;1252;6,31665;1;4;4;blue
157;1253;6,816528;1;3;3;blue
157;1254;7,416748;1;1;1;blue
157;1255;8,633301;1;2;2;blue
157;1256;9,033325;1;4;4;blue
158;1257;4,666748;1;2;2;blue
158;1258;5,18335;1;3;3;blue
158;1259;5,849976;1;1;1;blue
158;1260;6,316528;1;4;4;blue
158;1261;6,900024;1;3;3;blue
158;1262;7,433228;1;1;1;blue
158;1263;7,93335;1;2;2;blue
158;1264;8,483154;1;4;4;blue
159;1265;4,300049;1;3;3;green
159;1266;4,733521;1;4;4;green
159;1267;5,31665;1;2;2;green
159;1268;5,800049;1;1;1;green
159;1269;6,516724;1;3;3;green
159;1270;7,099976;1;2;2;green
159;1271;7,700317;1;4;4;green
159;1272;8,150024;1;1;1;green
160;1273;4,033325;1;2;2;blue
160;1274;4,5;1;3;3;blue
160;1275;5,016846;1;1;1;blue
160;1276;5,466675;1;4;4;blue
160;1277;5,983398;1;3;3;blue
160;1278;6,600098;1;1;1;blue
160;1279;7,033447;1;2;2;blue
160;1280;7,483521;1;4;4;blue
